116941052
1118089693
1087991070
311534094
1051353370
1051353371
638030400
638030404
903560213
1091079800
1091079801
1091079802
1091079803
1091079804
1091079805
1091079806
1091079807
1091079808
1091079809
1091079810
1091079811
1091079812
1091079813
1091079814
1091079815
1091079816
1091079817
1091079818
1091079819
1091079820
1091079821
1091079822
1091079823
1091079824
1091079825
1091079826
1091079827
1091079829
1091079830
1091079831
1091079832
1091079833
1091079836
1091079837
1091079840
1091079842
1091079843
1091079844
1091079845
1091079846
1091079854
1091079855
1091079856
1091079858
505870972